longest
0 18 66 133 244 272 298 310 366 376 400 417 425 473 482 551 646 675 719 725 745 790 837 858 928 992 1038 1044 1052 1108 1143 1221 1236 1394 1408 1417 1457 1545 1593 1597 1667 1721 1759 1802 1806 1915 1928 1964 2003 2011 2044 2058 2065 2085 2087 2099 2151 2156
uncommon
0 76 1108
subsequence
0 7 66 158 272 345 354 376 400 473 482 668 670 688 719 728 804 1082 1104 1108 1221 1275 1394 1417 1464 1618 1721 1759 1904 1915 2001 2091 2099
ii
0 4 44 73 121 132 166 185 197 201 218 228 292 332 349 375 388 390 399 402 406 429 443 450 481 484 495 511 525 594 649 661 715 838 839 845 882 953 983 995 1005 1012 1013 1029 1067 1072 1102 1157 1160 1171 1245 1262 1319 1339 1364 1375 1413 1450 1455 1536 1547 1569 1575 1618 1643 1645 1668 1670 1698 1735 1749 1752 1758 1767 1775 1805 1810 1832 1856 1863 1867 1868 1889 1915 1957 2048 2115 2129 2145 2153 2157 2167
maximum
1 40 50 87 88 93 95 111 112 129 138 142 145 146 147 162 169 181 194 204 223 234 257 263 264 293 305 346 368 382 384 388 412 416 431 455 465 475 486 496 502 545 555 568 614 635 641 652 665 684 693 694 697 706 711 716 734 738 747 755 758 804 810 818 829 843 872 887 893 897 907 912 922 930 933 976 996 1017 1026 1061 1062 1089 1107 1125 1132 1142 1151 1154 1167 1175 1187 1200 1207 1213 1231 1233 1240 1243 1261 1276 1283 1302 1303 1309 1312 1342 1354 1378 1403 1421 1426 1430 1446 1448 1462 1467 1476 1489 1500 1512 1529 1533 1542 1564 1581 1611 1616 1619 1621 1645 1650 1663 1671 1672 1674 1703 1708 1714 1722 1727 1729 1741 1742 1751 1755 1760 1772 1799 1809 1815 1837 1855 1873 1876 1894 1904 1911 1914 1921 1940 1949 1951 1952 1970 2004 2031 2037 2044 2086 2102 2108 2116 2120 2132 2146 2165 2166 2175
number
1 24 27 40 51 100 106 116 124 127 134 135 139 190 191 199 214 229 232 237 241 245 250 257 268 272 280 281 283 285 286 293 294 295 307 322 325 335 339 348 349 350 359 364 369 370 387 388 389 409 414 421 432 487 498 527 533 537 559 562 571 573 573 576 577 579 592 605 606 609 611 614 623 627 630 643 644 649 650 652 654 684 685 691 695 696 700 702 709 711 716 717 722 731 733 734 735 737 739 742 758 762 762 763 764 765 767 768 774 786 789 797 813 814 817 831 846 862 865 874 877 884 892 898 904 916 918 921 933 949 954 969 976 988 1009 1010 1020 1021 1023 1029 1030 1037 1045 1054 1064 1065 1066 1068 1069 1083 1085 1088 1089 1090 1091 1093 1100 1103 1106 1109 1125 1129 1132 1139 1149 1154 1185 1195 1197 1207 1228 1231 1238 1239 1242 1243 1252 1272 1277 1281 1283 1296 1311 1312 1316 1317 1322 1328 1341 1349 1360 1362 1369 1370 1371 1391 1392 1401 1428 1430 1437 1441 1442 1445 1453 1459 1468 1489 1493 1512 1525 1533 1538 1548 1561 1564 1568 1595 1599 1600 1601 1605 1610 1614 1616 1655 1679 1682 1689 1708 1709 1717 1729 1738 1747 1772 1783 1789 1790 1799 1815 1822 1827 1846 1862 1864 1887 1890 1900 1906 1912 1913 1914 1926 1929 1931 1937 1944 1956 1965 1970 1986 1989 2006 2027 2031 2032 2040 2046 2054 2086 2113 2122 2140 2140 2154 2165 2166 2167 2181
of
1 1 3 24 25 27 27 34 37 40 47 51 58 69 83 91 96 100 105 109 111 116 119 124 125 126 127 129 135 137 139 141 141 144 145 146 152 168 174 178 184 184 187 190 191 196 198 199 200 201 203 203 204 214 215 222 229 232 233 237 241 241 250 252 254 257 268 272 281 283 285 286 291 293 294 315 316 322 330 335 339 343 348 350 361 364 368 369 370 376 378 380 382 385 387 388 389 393 397 401 407 414 416 416 417 421 424 428 428 431 432 436 438 451 454 469 487 488 491 496 497 500 514 514 527 529 531 533 535 545 555 559 562 562 565 568 573 575 576 577 591 592 605 605 606 609 611 614 617 621 638 642 643 644 647 652 654 672 678 679 684 685 688 694 695 696 697 701 702 706 709 711 716 717 721 722 725 728 733 734 735 736 737 742 748 754 758 762 764 765 767 768 774 786 789 795 797 813 814 817 819 837 841 846 849 851 858 859 867 871 871 872 872 874 877 877 884 887 892 893 898 899 899 907 913 915 916 918 921 922 924 930 933 937 942 943 947 949 954 955 956 962 969 973 976 976 979 981 987 988 996 1003 1009 1010 1015 1020 1021 1023 1026 1029 1030 1037 1045 1049 1060 1061 1062 1065 1066 1068 1069 1071 1085 1088 1089 1090 1090 1093 1098 1100 1109 1121 1125 1132 1135 1139 1142 1143 1144 1148 1149 1150 1152 1154 1155 1158 1167 1168 1175 1186 1186 1195 1197 1201 1206 1207 1211 1214 1215 1218 1228 1230 1231 1238 1242 1243 1252 1258 1260 1269 1272 1275 1277 1281 1283 1289 1296 1299 1299 1302 1307 1307 1309 1311 1312 1314 1316 1317 1322 1328 1333 1341 1345 1347 1349 1354 1359 1360 1362 1371 1372 1391 1391 1403 1405 1407 1416 1421 1421 1424 1425 1426 1428 1430 1433 1436 1441 1445 1446 1448 1453 1458 1459 1461 1461 1466 1468 1470 1474 1479 1480 1482 1486 1487 1493 1499 1505 1507 1512 1515 1516 1517 1519 1523 1529 1533 1533 1537 1538 1544 1551 1553 1559 1561 1564 1578 1590 1591 1595 1599 1601 1605 1608 1610 1611 1614 1616 1617 1626 1630 1635 1637 1648 1657 1666 1669 1669 1672 1679 1679 1682 1683 1689 1709 1717 1723 1725 1727 1729 1738 1742 1747 1748 1755 1765 1766 1769 1772 1782 1783 1790 1793 1799 1815 1822 1827 1830 1833 1843 1851 1862 1864 1864 1872 1876 1880 1880 1887 1890 1894 1895 1898 1900 1906 1909 1912 1914 1917 1925 1926 1929 1937 1938 1943 1944 1946 1950 1952 1955 1970 1973 1976 1976 1984 1985 1986 1989 1989 1999 2004 2006 2010 2026 2027 2029 2030 2031 2033 2035 2038 2040 2041 2046 2050 2054 2059 2076 2091 2093 2094 2096 2099 2102 2113 2114 2117 2117 2120 2121 2121 2122 2126 2128 2130 2131 2132 2135 2138 2140 2140 2140 2149 2154 2159 2165 2166 2181
occurrences
1 1020 1158 1195 1935 2091
a
1 24 32 35 47 50 57 61 72 75 93 93 119 146 148 152 156 190 191 196 198 204 210 212 239 246 250 261 268 268 279 287 304 304 313 314 315 325 331 341 343 343 345 357 358 360 367 369 372 385 387 395 417 428 428 432 438 444 446 460 474 480 497 497 500 522 523 529 555 562 565 573 583 584 588 605 608 637 638 646 663 700 705 707 716 735 740 741 746 762 764 772 777 782 786 830 840 843 853 859 868 871 871 871 888 893 911 913 915 926 937 941 942 942 956 969 976 990 991 995 1041 1052 1055 1066 1079 1081 1090 1109 1121 1135 1139 1142 1155 1155 1158 1162 1186 1202 1203 1204 1212 1260 1263 1264 1271 1272 1277 1286 1295 1299 1300 1307 1314 1323 1325 1326 1328 1340 1346 1379 1385 1392 1399 1418 1421 1424 1426 1431 1436 1437 1448 1456 1457 1459 1467 1476 1480 1482 1495 1497 1502 1505 1506 1515 1528 1529 1533 1562 1565 1568 1589 1589 1596 1599 1608 1613 1617 1623 1626 1631 1663 1671 1672 1702 1725 1725 1725 1731 1738 1745 1750 1769 1782 1799 1816 1817 1819 1825 1840 1850 1862 1864 1867 1869 1870 1885 1885 1892 1903 1911 1923 1925 1934 1949 1952 1956 1963 1972 1989 2004 2007 2009 2024 2028 2029 2031 2032 2032 2035 2054 2069 2070 2074 2076 2081 2089 2091 2093 2094 2095 2097 2120 2121 2135 2141 2154 2164 2165 2166
substring
1 14 106 123 264 282 298 417 664 725 770 790 816 837 858 881 946 992 1158 1237 1419 1433 1500 1533 1545 1806 1928 2003 2156 2174
airplane
2
seat
2 822 921 1191
assignment
2
probability
2 128 605 1674
change
3 475 1156 1319 1683 1953
minimum
3 6 57 61 84 97 100 139 151 152 153 160 183 188 195 200 206 215 246 250 260 273 299 304 314 318 320 328 331 343 345 357 360 363 374 379 383 389 403 411 418 421 424 435 456 457 461 468 487 526 527 533 537 565 593 606 630 634 639 668 673 685 691 698 704 721 729 735 737 742 767 770 793 803 807 813 827 870 878 882 888 898 921 926 938 949 955 959 964 974 1009 1021 1028 1029 1037 1045 1059 1084 1087 1088 1114 1128 1139 1155 1162 1169 1172 1189 1198 1222 1234 1250 1253 1273 1274 1290 1298 1301 1310 1323 1328 1349 1366 1372 1383 1385 1387 1404 1410 1415 1428 1445 1455 1458 1464 1480 1505 1544 1550 1551 1555 1561 1564 1569 1575 1578 1595 1604 1610 1617 1620 1641 1650 1676 1683 1714 1736 1737 1816 1818 1820 1822 1829 1901 1906 1921 1934 1939 1944 1945 1950 1972 2006 2009 2010 2020 2023 2039 2048 2074 2075 2080 2084 2111 2113 2129 2131 2142 2147 2154 2159 2160 2178
characters
3 14 298 425 656 670 688 790 812 836 1011 1065 1100 1195 1300 1306 1307 1481 1512 1662 1747 1836 1886 1909 1938 2103 2120
to
3 6 21 27 57 57 82 84 97 107 120 136 139 142 146 151 157 160 170 188 190 195 199 206 214 217 224 228 229 235 246 250 268 270 273 299 304 314 314 320 325 328 330 331 342 345 353 360 361 363 374 379 387 389 399 418 418 420 421 421 424 434 435 458 462 468 471 474 483 487 497 498 512 527 537 554 570 573 573 577 586 611 611 613 618 624 630 634 639 643 660 665 669 670 670 673 674 685 691 704 713 716 726 735 737 741 742 759 762 762 765 767 786 793 803 807 812 813 813 814 831 836 845 846 846 861 870 877 882 898 909 911 916 921 926 938 940 941 944 949 954 960 969 971 974 1009 1019 1021 1023 1028 1029 1077 1088 1105 1105 1106 1115 1128 1139 1139 1145 1162 1162 1169 1189 1198 1222 1228 1229 1234 1250 1252 1253 1258 1265 1270 1272 1273 1285 1290 1292 1292 1297 1310 1316 1323 1326 1328 1334 1343 1349 1349 1352 1365 1367 1383 1385 1392 1410 1415 1428 1432 1441 1444 1460 1471 1491 1493 1499 1505 1550 1550 1552 1553 1568 1569 1578 1595 1604 1609 1613 1614 1620 1629 1641 1660 1662 1664 1666 1683 1688 1706 1712 1721 1736 1737 1753 1755 1773 1785 1817 1820 1829 1836 1840 1841 1850 1858 1877 1890 1901 1906 1908 1910 1911 1911 1914 1932 1934 1948 1972 1985 2006 2009 2011 2027 2039 2039 2041 2048 2074 2075 2083 2089 2092 2111 2113 2114 2126 2131 2140 2147 2147 2159 2160 2168 2170 2171 2179 2181
satisfy
3 1311
one
3 194 316 472 573 771 793 837 1143 1223 1232 1271 1377 1631 1632 1756 1841 1860 2009 2046 2171
three
3 182 193 287 325 341 617 851 1062 1100 1217 1229 1271 1274 1516 1554 1677 1897 1938 1989 2061 2128
conditions
3 584 1825
shifting
4 1622
letters
4 895 1451 1475 1581 1622
rotate
5 463 783 1859 1971
list
5 70 150 402 440 441 506 540 547 581 585 640 826 840 893 962 1013 1039 1055 1115 1138 1171 1299 1299 1352 1361 1379 1392 1402 1440 1503 1559 1585 1606 1839 2019 2070 2072 2135
time
6 21 84 224 254 304 422 456 539 554 673 713 720 742 832 845 911 931 936 941 960 961 974 1028 1066 1117 1222 1253 1290 1323 1326 1367 1383 1514 1553 1578 1620 1637 1727 1736 1829 2015 2020 2111 2131 2170
finish
6 898 1273 1290
the
6 24 53 78 82 111 135 139 156 164 169 180 191 191 213 229 244 257 271 281 296 328 338 339 344 346 347 348 354 397 416 417 418 445 453 454 460 466 467 477 487 500 500 514 531 531 533 570 576 582 604 605 607 609 612 618 622 624 630 641 668 671 675 675 685 690 702 712 717 720 720 722 739 752 754 766 785 789 798 833 834 849 858 859 861 866 869 872 874 884 891 892 896 898 899 906 908 911 918 920 935 954 965 972 989 996 1010 1026 1041 1057 1080 1087 1096 1101 1140 1164 1180 1180 1196 1203 1225 1234 1237 1258 1275 1282 1292 1309 1311 1314 1321 1321 1322 1325 1341 1345 1347 1359 1365 1365 1381 1386 1410 1416 1437 1461 1474 1482 1500 1511 1538 1559 1563 1564 1579 1595 1599 1648 1669 1683 1689 1689 1710 1717 1729 1741 1747 1747 1754 1763 1766 1769 1770 1778 1796 1820 1841 1846 1874 1891 1893 1895 1895 1899 1920 1921 1925 1928 1937 1937 1946 1946 1948 1982 1984 1992 2010 2017 2018 2026 2039 2041 2067 2070 2075 2084 2089 2094 2098 2119 2121 2134 2135 2137 2138 2144 2146
race
6 1035
constrained
7
sum
7 34 105 107 125 129 141 144 146 160 161 162 168 169 172 173 184 194 203 204 205 277 292 302 314 325 361 380 382 393 400 438 451 454 455 457 458 461 462 480 488 495 516 522 533 535 567 592 619 654 672 679 693 701 703 706 707 721 728 736 738 747 748 788 804 827 859 875 893 897 922 930 943 955 959 963 1004 1015 1048 1061 1104 1114 1144 1148 1168 1172 1186 1186 1187 1199 1252 1261 1262 1263 1275 1302 1311 1372 1407 1415 1424 1426 1429 1445 1461 1462 1473 1484 1517 1590 1606 1610 1624 1635 1673 1677 1681 1687 1714 1723 1723 1748 1761 1783 1798 1803 1815 1852 1884 1897 1910 1932 1951 1955 1958 1976 1989 1995 2022 2041 2050 2107 2116 2117 2126 2129 2158
largest
8 14 32 86 106 123 167 302 386 414 419 503 572 669 789 884 904 936 997 1043 1046 1049 1081 1180 1190 1225 1263 1274 1275 1401 1412 1516 1521 1546 1548 1565 1594 1596 1600 1635 1740 1776 1913 2047
1-bordered
8
square
8 133 146 209 385 386 789 1073 1297 1438 1587 1748 1995 2140
split
9 190 302 434 519 624 694 786 959 1229 1316 1399 1440 1524 1599 1641 1734
message
9 296
based
9 755 2015
on
9 119 250 318 334 357 580 663 675 755 853 1034 1149 1202 1253 1467 1497 1620 1704 1731 1738 1949
limit
9 539 931 1480 1857 2011
house
10 48 1560 2000 2115
robber
10 48 2000 2115
k-th
11 300 899 1165 1875
smallest
11 16 67 156 191 280 332 333 384 451 630 688 740 859 865 890 892 903 990 999 1016 1064 1092 1103 1120 1165 1182 1212 1239 1247 1274 1287 1350 1356 1357 1474 1577 1651 1686 1732 1833 1875 1937 2017 2089 2091
in
11 17 32 50 51 61 72 78 82 89 93 113 117 128 133 135 148 185 220 221 239 279 280 287 288 300 304 311 315 324 326 333 342 343 347 358 362 369 391 398 403 419 428 430 432 438 439 444 454 459 460 479 488 500 506 522 523 534 544 545 549 551 559 573 583 588 589 595 604 607 622 637 642 646 653 662 673 701 705 725 764 782 794 817 821 828 830 840 853 854 863 871 888 891 904 912 917 933 942 946 948 950 954 956 957 978 981 986 990 1002 1027 1051 1052 1057 1064 1069 1071 1081 1091 1098 1109 1112 1147 1155 1161 1164 1177 1179 1180 1183 1190 1203 1204 1212 1233 1236 1241 1261 1263 1264 1271 1274 1277 1278 1295 1322 1323 1338 1340 1342 1346 1351 1374 1376 1379 1392 1399 1401 1440 1457 1458 1462 1463 1464 1469 1480 1494 1495 1502 1506 1518 1531 1533 1537 1546 1547 1555 1565 1575 1579 1589 1596 1608 1609 1630 1631 1665 1671 1672 1675 1689 1693 1697 1725 1728 1747 1767 1772 1797 1799 1800 1817 1819 1839 1852 1853 1862 1869 1885 1903 1928 1930 1945 1967 2007 2008 2009 2014 2024 2031 2042 2054 2069 2070 2081 2087 2090 2095 2098 2118 2132 2153 2154 2155 2162 2166
lexicographical
11 899 946 2063
order
11 529 725 946 1051 1164 1193 1280 1351 1363 1464 1728 1758 1975 2169
find
12 19 24 31 108 113 115 148 156 164 191 235 243 244 256 257 267 325 346 354 380 417 419 427 459 462 469 477 479 497 498 500 533 595 597 598 604 612 618 622 658 662 733 739 771 788 798 819 823 859 867 868 871 900 918 920 945 947 948 961 970 995 1000 1004 1011 1016 1027 1043 1133 1165 1180 1196 1202 1242 1254 1275 1290 1321 1338 1347 1359 1416 1419 1470 1481 1494 1495 1500 1537 1555 1564 1575 1588 1669 1686 1710 1754 1797 1806 1807 1851 1892 1895 1899 1925 1928 1941 1945 1946 1984 2018 2021 2050 2055 2067 2098 2121 2138 2146
right
12 950 1034 1199 1872 2153 2163
interval
12 628 653 1250 2019 2085
partition
13 83 317 455 458 640 660 751 875 1325 1508 1621 1897 1914 1932
string
13 26 75 83 120 139 159 184 185 190 212 261 261 268 290 311 316 353 375 417 472 475 487 500 569 638 670 685 696 704 740 764 765 775 782 786 802 809 836 843 865 890 899 901 904 906 915 920 926 928 940 941 944 952 999 1018 1027 1038 1071 1075 1088 1096 1120 1133 1135 1137 1169 1177 1182 1198 1237 1241 1246 1277 1278 1287 1300 1307 1310 1340 1376 1397 1398 1399 1401 1418 1424 1434 1444 1482 1494 1495 1498 1515 1596 1599 1672 1752 1782 1817 1836 1840 1850 1857 1859 1896 1925 1934 1949 1950 1960 2023 2024 2025 2029 2052 2054 2068 2089 2090 2093 2098 2100 2120 2141 2155 2174
into
13 96 317 519 1006 1099 1229 1418 1524 1599 1729 1782 1795 1822 1825 1897 1932 1944 2097
substrings
13 305 416 600 648 768 940 973 1069 1100 1154 1214 1223 1281 1283 1307 1362 1376 1454 1599 1792 1938 1976 2023 2029
with
13 27 35 86 108 123 140 145 146 153 169 191 192 194 208 237 267 298 320 322 341 348 351 356 382 384 400 408 411 425 446 451 453 480 501 518 536 539 563 583 584 592 656 658 663 668 669 672 697 702 703 713 733 740 747 771 784 788 791 859 879 890 894 903 916 920 927 940 959 963 966 1004 1016 1034 1041 1046 1063 1073 1111 1122 1144 1186 1209 1228 1231 1232 1243 1275 1281 1286 1294 1300 1301 1330 1346 1377 1391 1395 1419 1433 1441 1442 1471 1500 1502 1503 1528 1551 1558 1592 1594 1610 1617 1627 1649 1674 1689 1699 1722 1732 1734 1740 1769 1774 1783 1785 1815 1825 1837 1854 1857 1871 1885 1893 1894 1897 1922 1927 1938 1940 1942 1958 1979 1983 1985 1999 2011 2017 2044 2084 2091 2120 2158 2170 2174 2175
values
13 32 40 383 503 891 1173 1346 1418 1448 1633
at
13 93 181 191 244 298 316 318 414 423 577 923 1066 1217 1253 1631 1694 1870 1871 1896 2009 2158
most
13 181 316 318 354 397 445 657 730 852 885 1063 1091 1204 1209 1242 1506 1631 1687 1694 1966
k
13 16 67 94 95 131 169 181 202 213 237 241 298 318 346 351 382 411 423 458 460 482 488 501 533 598 606 638 665 732 736 747 784 842 877 878 891 916 929 938 958 963 969 978 1014 1016 1019 1068 1144 1189 1224 1228 1241 1269 1275 1291 1324 1407 1441 1520 1544 1562 1621 1630 1673 1721 1782 1852 1858 1872 1961 1998 2026 2102 2158 2161
between
14 30 138 240 308 326 477 565 681 779 818 972 973 1147 1151 1274 1330 1404 1448 1475 1544 1564 1605 1626 1652 1693 1713 1714 1723
two
14 15 76 117 201 222 235 252 292 371 378 389 392 416 424 434 477 545 565 593 605 617 647 682 686 707 721 779 818 844 872 923 930 952 983 1004 1018 1029 1049 1103 1123 1148 1166 1167 1172 1173 1216 1218 1248 1309 1359 1372 1472 1484 1605 1633 1652 1713 1802 1830 1833 1883 1927 1932 1936 2012 2033 2041 2074 2078 2096 2132 2138 2140 2149
equal
14 27 79 96 97 146 182 183 252 303 315 356 362 374 379 458 472 483 615 648 731 788 803 812 875 877 916 1017 1040 1065 1089 1162 1186 1195 1228 1258 1349 1496 1569 1610 1666 1721 1732 1785 1795 1897 1901 1936 1948 1985 2011 2048 2140
merge
15 247 326 365 405 492 732 909 1049 1147 1358 1432 1604 1633 2012
sorted
15 89 170 196 228 247 279 292 358 399 438 440 647 714 732 859 914 932 990 1012 1013 1088 1105 1343 1352 1460 1509 1517 1537 1547 1575 1753 1833 1945 2118
lists
15 16 326 732 1218 1372
range
16 173 216 332 393 508 653 716 748 853 1203 1322 1486 1502 1517 1536 1562 1577 1761 1803 1853 2030 2094
covering
16 1301
elements
16 23 97 117 148 288 308 314 356 545 593 598 613 679 702 743 747 791 791 803 972 1014 1034 1151 1291 1349 1425 1458 1470 1774 1948 1985 2010 2048 2072
from
16 23 76 88 90 104 212 223 305 383 427 440 503 608 643 687 716 741 816 829 833 844 865 880 900 932 962 999 1000 1012 1013 1103 1106 1107 1184 1200 1251 1279 1298 1312 1361 1386 1444 1452 1549 1552 1606 1650 1665 1702 1712 1763 1837 1849 1872 1878 1892 2052 2102
cousins
17 1767
binary
17 47 61 68 87 91 104 107 113 117 122 126 139 148 215 218 253 315 316 324 329 360 368 373 378 391 417 475 485 506 529 573 578 636 638 642 680 685 687 696 738 741 800 813 817 825 864 871 880 894 913 940 941 977 978 1002 1007 1079 1115 1133 1198 1206 1227 1251 1260 1263 1264 1295 1328 1337 1352 1354 1384 1392 1426 1427 1442 1446 1456 1457 1462 1483 1490 1494 1498 1549 1553 1612 1631 1644 1645 1697 1719 1721 1745 1753 1758 1767 1769 1792 1814 1835 1903 1958 1975 2012 2042 2051 2052 2064 2076 2081 2083 2097 2126 2130 2163 2169
tree
17 19 47 61 68 87 91 104 107 107 113 118 148 215 253 315 324 329 357 368 373 383 391 419 485 506 529 578 580 621 636 637 642 680 687 701 738 741 757 864 871 871 880 907 913 978 1002 1007 1079 1115 1121 1193 1204 1206 1251 1260 1263 1264 1272 1280 1295 1323 1328 1337 1352 1354 1384 1406 1426 1427 1446 1457 1462 1490 1491 1549 1553 1555 1557 1591 1612 1644 1645 1690 1702 1745 1753 1758 1767 1779 1813 1814 1882 1903 1975 2007 2051 2052 2064 2076 2083 2097 2130 2163 2169 2171
chunked
18
palindrome
18 210 236 267 434 481 540 659 816 889 926 949 953 958 1174 1283 1350 1412 1567 1615 1754 1802 1849 1931 2043 2058
decomposition
18
bottom
19
left
19 34 989 1199 1872
value
19 93 160 333 407 412 419 451 477 497 731 740 851 879 892 935 987 1043 1081 1274 1286 1403 1419 1660 1672 1683 1732 1809 2008 2067 2080 2102
perfect
20 149 307 1587
rectangle
20 526 671 886 1041 1190 1235 1332 1407 1413 1455 1838
best
21 46 367 554 713 845 960 1854 1959 2078 2170
buy
21 554 713 845 960 1367 1493 2170
and
21 129 138 165 179 189 263 323 327 362 364 398 431 447 494 510 552 554 561 603 615 632 654 713 724 731 787 791 808 811 845 877 880 914 927 960 972 1027 1046 1050 1192 1199 1217 1251 1259 1274 1288 1313 1332 1384 1390 1421 1461 1463 1486 1493 1501 1507 1510 1537 1544 1549 1555 1564 1571 1576 1650 1693 1693 1714 1723 1770 1785 1807 1856 1861 1872 1881 1921 1941 1962 1991 2044 2050 2053 2103 2170
sell
21 554 713 845 960 1653 2170
stock
21 238 410 554 713 845 960 1090 2170
first
22 347 394 500 643 902 1265 1340 1537 2098
missing
22 140 333 627 970 1092 1185
positive
22 86 160 431 627 694 697 868
filter
23 323
array
23 69 89 93 97 129 133 196 202 233 247 250 266 273 279 288 292 297 302 311 317 328 330 346 356 361 362 374 379 380 401 438 454 455 459 463 469 474 490 514 519 544 545 559 568 595 597 604 613 622 624 634 645 660 714 736 743 751 759 767 777 785 794 795 796 803 819 828 833 834 846 860 861 863 870 891 914 932 933 945 948 957 967 975 979 979 984 986 1000 1000 1006 1006 1012 1015 1022 1074 1086 1091 1105 1145 1152 1164 1175 1177 1180 1229 1233 1234 1236 1254 1261 1285 1316 1324 1325 1329 1338 1347 1349 1410 1414 1415 1416 1425 1463 1470 1471 1477 1496 1515 1520 1524 1537 1546 1547 1569 1572 1575 1579 1621 1630 1641 1650 1660 1669 1672 1675 1705 1710 1723 1734 1735 1753 1765 1769 1778 1791 1795 1797 1801 1817 1819 1820 1825 1825 1837 1841 1866 1878 1880 1897 1906 1914 1916 1925 1932 1943 1945 1948 1967 1978 1979 1983 1984 1985 2010 2048 2067 2071 2073 2098 2118 2132 2138 2159 2160
k-beauty
24
max
25 222 228 322 407 1023 1131 1186 1279 1330 1407 1460 1468 1599 1731 1780 2136 2168
area
25 526 924 1289 1413 1421 1455 1521 1652 1838
island
25 746 1205 2113
repeated
26 282 482 992 1111 1269 1726 1742
match
26 664 1075 2083
pairs
27 105 161 202 237 283 294 362 370 436 439 480 609 615 794 818 833 889 933 981 1016 1026 1197 1211 1324 1468 1482 1502 1507 1520 1647 1679 1765 1795 1827 1926 1967 1999 2038 2050
strings
27 31 109 171 203 371 389 434 472 483 513 576 591 682 812 899 952 958 1029 1049 1069 1163 1167 1172 1288 1322 1353 1358 1399 1405 1474 1509 1531 1877 1883 1901 2038 2062 2117
concatenation
27 69 126 1433 1477 2067
target
27 57 250 268 299 320 361 497 597 669 836 972 1004 1164 1252 1432 1686 1712 1783 1815 1817 1979 2022 2075 2159
count
28 119 124 167 237 252 285 342 350 358 362 391 395 420 431 444 453 467 501 524 542 576 609 653 703 722 731 748 768 784 791 806 811 863 910 934 981 1010 1032 1056 1057 1073 1085 1098 1127 1211 1223 1294 1307 1313 1322 1330 1341 1348 1371 1374 1377 1430 1437 1463 1471 1497 1502 1509 1520 1531 1538 1557 1582 1594 1598 1614 1649 1666 1678 1682 1704 1715 1717 1750 1792 1823 1831 1845 1877 1887 1926 1929 1942 1963 1967 1982 1995 2002 2021 2029 2038 2059 2082 2092 2093 2180
good
28 31 281 294 391 542 618 755 777 786 863 988 1197 1357 1529 1709 1717 1845 1877 2055
numbers
28 41 126 144 303 358 523 533 610 622 653 733 766 830 851 957 983 1062 1111 1123 1144 1248 1249 1338 1473 1486 1576 1590 1592 1630 1694 1704 1748 1822 1846 1853 1910 1924 1942 1969 2026 2059 2063 2126 2132 2140 2159 2181
simple
29
bank
29 618 1245 1800 1862
system
29 258 313 404 549 662 700 1008 1539
rearrange
30 743 759 836 941 1441 2066 2095
spaces
30 1840
words
30 76 77 131 211 327 446 464 512 616 781 782 1109 1125 1377 1433 1481 1581 1601 1772 1793 1802 1830 1963 2024 2095 2096
all
31 74 74 84 97 117 125 185 224 291 347 421 423 448 590 595 622 638 656 658 725 737 812 825 882 899 900 934 942 978 982 1073 1100 1128 1158 1195 1203 1214 1222 1258 1290 1292 1294 1307 1313 1323 1334 1338 1349 1433 1436 1470 1495 1499 1576 1608 1662 1669 1712 1769 1797 1851 1955 1976 2017 2020 2050 2055 2090 2179
local
32 1259
matrix
32 330 358 460 516 522 548 584 727 750 756 813 813 830 859 896 925 990 1048 1051 1052 1146 1187 1188 1346 1435 1456 1628 1631 1671 1757 1807 1826 1852 1863 1867 1923 1988 1992 2035 2042 2081
pancake
33
sorting
33 597 1796
leaves
34 277 1060 1286
design
35 70 110 208 258 313 321 327 352 355 396 404 499 515 541 601 700 710 876 991 1008 1293 1636 1990
stack
35 502 692 792 1504 1983
increment
35 1860 2160
operation
35 682 986 2112
word
36 38 53 262 491 550 551 586 885 1067 1069 1364 1513 1534 1594 1611 1725 1725 1829 1830 1917 1957 2045 2074 2087 2133 2162
pattern
36 282 677 1269 1941
complement
37 571
base
37 488 1357 1773 2079
10
37
integer
37 52 67 86 136 318 431 431 459 468 512 669 868 918 944 1092 1180 1279 1392 1444 1461 1550 1570 1664 2018 2041 2114 2125
search
38 68 89 104 107 113 117 218 327 373 561 636 1067 1079 1193 1227 1260 1264 1264 1318 1352 1483 1539 1547 1745 1753 1867 1903 1923 2097
remove
39 84 185 226 338 363 440 570 932 962 1012 1013 1023 1106 1110 1158 1361 1451 1530 1583 1606 1706 1763 1841 1961 1974 2072 2077 2090
boxes
39 553 605 1200 1552
consecutive
40 126 274 325 435 560 606 810 878 938 1072 1131 1306 1418 1473 1524 1592 1606 1630 1662 1780 1892 1924 2061 2065
you
40 186 223 334 339 346 347 652 1125 1200 1207 1279 1700 1970
can
40 75 186 223 252 261 334 346 388 472 652 684 750 789 816 1032 1033 1076 1125 1184 1200 1207 1241 1279 1481 1700 1751 1970 2134 2162
make
40 97 139 151 170 195 199 205 228 273 315 328 331 345 363 374 379 389 399 434 468 472 474 483 487 613 624 634 639 667 670 685 767 793 812 816 836 870 926 949 974 1009 1029 1040 1065 1086 1088 1096 1105 1145 1162 1169 1184 1198 1258 1292 1310 1343 1349 1410 1460 1471 1496 1499 1569 1737 1820 1836 1841 1866 1901 1906 1936 1948 2006 2009 2159 2160
compare
41 775 1474
version
41 902
frog
42 715 1711
position
42 244 367 418 969 1318 1537
after
42 95 106 181 184 213 263 285 318 357 412 451 475 597 664 736 756 835 843 945 954 969 987 1068 1092 1116 1143 1224 1287 1301 1378 1421 1425 1445 1458 1470 1590 1784 1798 1913 1935 1950 1951 1963 2023 2032 2045 2059 2130
t
42
seconds
42
3sum
43 85 1122
closest
43 217 235 361 497 498 598 699 1019 1104 1754 1853 1903 2036 2173
h-index
44 769
camelcase
45
matching
45 275 311 1360 1485 1750 1894
sightseeing
46
pair
46 496 973 1165 1186 1261 1448
verify
47
preorder
47 104 118 1251 1549 1702 2064 2083
serialization
47
iv
48 242 517 554 655 666 707 727 993 1615 2107 2127
filling
49
bookcase
49
shelves
49
trailing
50 1208
zeros
50 1136 1147 1519 1693
cornered
50
path
50 153 208 408 425 448 479 565 583 619 738 827 888 1002 1052 1114 1204 1262 1408 1457 1589 1597 1617 1631 1674 1722 1739 1744 1884 1981 2004 2009 2042 2129 2141 2179
flowers
51 1033
full
51 137 145 339 825
bloom
51 137
break
52 210 261 262 1364
guess
53 245 2167
iterator
54 68 415 585 1134
for
54 55 183 367 455 657 682 760 868 878 936 992 1089 1140 1172 1207 1237 1240 1325 1553 1601 1676 1781 1816 1907
combination
54 495 1046 1429 1624 2107
cut
55 564 1972
off
55
trees
55 117 218 698 825 894 1227 1716 1719 2012
golf
55
event
55 63
walking
56 661
robot
56 343 661 1908 1930 2089
simulation
56 626 661
moves
57 213 273 299 320 704 803 921 949 1241 1274 2048 2166
move
57 418 421 1149 1522 1850 2005
box
57 421 971 1101 1799
their
57 180 905
location
57
map
58 161
highest
58 453 563 612 689 903 1527 1544 1562 1769 1997
peak
58 243 995 1819
distribute
59 142 324 476 1077
repeating
59 264 298 790 837 1593 1662
integers
59 285 325 351 392 462 560 694 703 716 717 793 805 935 963 1068 1148 1203 1216 1277 1374 1892 2041 2082
generate
60 337 1300 1869
fibonacci
60 376 519 533 862
sequence
60 519 546 555 582 1184 1215 1225 1781 1844 2065
second
61 689 1028 1596
node
61 138 235 555 563 643 705 741 840 871 942 950 962 1039 1121 1839 1882 2135 2153
product
62 95 222 401 416 514 545 697 818 872 1062 1276 1412 1446 1461 1471 1611 1671 1699 1701 1833 1870 1880 2010 2026 2030 2094 2140 2161
sales
62 558 1701 1821
analysis
62 517 1411 1701 1821 1933
iii
62 177 306 619 651 780 960 1170 1343 1370 1429 1560 1566 1639 1655 1718 1733 1771 1780 1821 1826 2000 2024 2043
emitter
63
jump
64 176 532 566 655 715 780 1670 1711 2060
game
64 197 207 470 485 517 532 566 655 676 780 801 993 1078 1113 1202 1268 1314 1347 1388 1411 1540 1607 1639 1657 1658 1670 1681 1747 1794 1808 1895 1902 1946 1968 1977 2060 2123 2136
redundant
65 450
connection
65 450
harmonious
66
divisible
67 205 362 572 851 870 929 977 1014 1324 1520 1677 1852 1999
by
67 147 160 180 205 251 323 471 564 593 633 717 743 750 820 851 929 935 961 977 979 1022 1173 1223 1324 1328 1373 1474 1476 1481 1496 1514 1520 1581 1631 1633 1663 1677 1735 1760 1801 1802 1852 1860 1874 1886 1913 1936 1986 1994 1999 2047
linked
70 326 402 506 540 547 581 826 840 893 1039 1055 1115 1171 1218 1361 1379 1392 1402 1440 1559 1606 1839 2072 2135
triangle
71 997 1450 1521 1691 1789 2148
fix
72
names
72 1130
table
72 280 956 985 2066
permutations
73 248 1781
check
74 75 261 316 371 372 423 472 523 638 731 777 913 914 952 1018 1146 1195 1201 1203 1324 1325 1475 1477 1515 1522 1576 1589 1725 1824 1828 1830 1989 2045 2053 2141 2144 2162 2174
if
74 75 261 316 338 372 423 472 479 523 638 731 777 901 914 952 1018 1146 1195 1201 1203 1324 1325 1472 1515 1522 1576 1589 1725 1828 1830 1883 1989 2045 2053 2141 2144 2162 2174
a's
74
appears
74
before
74 260 1436
b's
74
parentheses
75 111 226 336 337 363 471 674 973 1003 1044 1167 1737 1934 2077 2141
be
75 388 684 750 1032 1105 1481 1553 1751 1911 2162
valid
75 108 244 336 363 409 436 953 1044 1109 1137 1149 1167 1194 1225 1249 1310 1313 1325 1438 1526 1567 1572 1587 1589 1601 1730 1737 1781 1789 1807 2009 2040 2045 2106 2141
sentences
76 1772
concatenated
77 2120
avoid
78 1662
flood
78 1692
city
78 191 1087 1166 1292 1586 2168
json
79 353
deep
79
hamming
80 98 835
distance
80 98 191 217 240 323 477 835 964 978 1051 1165 1330 1380 1404 1448 1613 1817 2074 2075
is
81 292 372 533 696 707 777 914 1082 1146 1299 1325 1515 1522 1589 1621 1828 1852 1989 2045 2140 2141 2144 2174
graph
81 204 208 479 588 646 942 947 981 994 1023 1081 1155 1469 1625 1627 2004
bipartite?
81
last
82 186 266 491 643 946 980 1160 1436 1537 2026
person
82 217 558
fit
82
bus
82 240 911 2109
optimal
83 1654
cars
84 1736
containing
84 1100 1652 1887 1928
illegal
84
goods
84
that
86 164 252 325 388 669 675 684 789 851 871 1032 1069 1223 1242 1252 1300 1311 1321 1437 1481 1621 1715 1751 2134
exists
86 479 952
its
86 654 2053
negative
86 358 431 1671
score
88 162 180 200 299 305 322 357 453 501 555 563 565 593 641 668 756 759 829 843 903 1003 1175 1224 1470 1529 1581 1648 1669 1769 1784 1904 2146
performing
88 987
multiplication
88 280 650
operations
88 97 199 285 328 331 345 379 411 421 483 580 691 735 742 793 835 987 1009 1084 1088 1092 1224 1285 1287 1328 1349 1378 1410 1415 1550 1569 1610 1784 1820 1906 1948 1983 2092 2147 2174
rotated
89 914 1465 1547 1575 1945
reconstruct
90 753 1272 1456
original
90 834 952 1000 1984
digits
90 184 312 318 488 656 669 733 936 1111 1186 1327 1437 1445 1461 1465 1514 1579 1942 1961 2016
english
90 398 512
reverse
91 285 375 654 782 821 895 917 973 1084 1135 1171 1331 1402 1647 1660 1661 1917 2024 2100 2125
odd
91 159 176 364 592 653 826 904 1050 1300 1335 1346 1406 1955
levels
91 642
koko
92
eating
92
bananas
92
given
93 156 235 268 314 325 446 660 740 868 900 936 952 1066 1164 1254 1286 1307 1311 1365 1419 1533 1694 1807 1870 2093 2099
index
93 115 500 604 848 1372 1732 1819 1896
bounded
93 1243 1930
cheapest
94
flights
94
within
94 648 726 734 1562 2096
stops
94 100 240
increments
95 250
divide
96 387 392 1385 1437 1630 1729 1782 1795 1944
players
96 771 1770 1894
teams
96 820 1085
skill
96
total
98 141 411 531 570 639 887 915 961 964 996 1858 1929 1999
print
99 211 1007 1335 1728 2089
foobar
99
alternately
99 1358
refueling
100
invalid
101 1267 2077
transactions
101 260 602 667
sleep
102
ransom
103
note
103
construct
104 671 865 880 958 1225 1251 1549 1813 1857 1979 2052
traversal
104 118 529 880 1251 1280 1368 1490 1549 1702 1758 1779 1814 1975 2064 2083 2169
floored
105
mutating
106
greater
107 356 478 623 666 791 877 1046 1170 1491 1686 1774 1839 1889
users
108 198 724 869
e-mails
108
groups
109 424 591 711 821 1150 1373 1729 1782 1851 1944 2014 2025 2165
special-equivalent
109
front
110
middle
110 604 1559 2135
back
110
queue
110 381 432 515 1308 1994
nesting
111 1167 2073
depth
111 215 368 907 1167
or
112 146 164 245 356 378 384 394 771 877 1063 1162 1269 1271 1721 1960 2011 2142 2167
mode
113
shortest
114 208 319 408 448 520 550 583 588 659 798 1105 1215 1613 1817 2042 2158 2179
unsorted
114
continuous
114 473 567 858 1906 2011
subarray
114 194 457 465 535 567 693 697 842 897 929 937 1105 1143 1161 1168 1276 1302 1517 1529 1660 1667 1673 1742 1774 1873 1964 1996 2011 2037 2044 2158 2161
pivot
115 660 2018
zero-filled
116
subarrays
116 250 351 382 384 501 678 784 788 916 922 930 979 1010 1014 1228 1229 1243 1371 1443 1649 1717 1815 1936 1955 1958
n-ary
118 907 1280 1779
collisions
119 1497
monkeys
119
polygon
119 200
flip
120 1089 1628 1631 1719 2083
monotone
120 1327
increasing
120 151 272 290 369 473 1022 1052 1151 1193 1327 1351 1410 1417 1831 1841 1866 1915 2001
car
121 269 998 1035
fleet
121 269
gap
122 1542
variance
123
texts
124
subset
125 572 875 1254 1299
xor
125 252 291 509 521 721 881 937 986 1043 1113 1240 1258 1378 1502 1837 1984 2050 2132
totals
125
music
127
playlists
127
knight
128 1543 1824
chessboard
128 385 1149 1629
html
130
entity
130
parser
130 413 1058
top
131 193 1291 1409 1998
frequent
131 397 730 1091 1291 1687
basic
132 242 1094
calculator
132 208 242 1094 2150
streak
133
an
133 233 288 311 342 355 362 380 459 514 545 595 645 653 708 794 795 853 863 891 918 952 981 986 1061 1091 1152 1159 1177 1279 1285 1338 1342 1345 1347 1416 1461 1463 1470 1546 1550 1579 1636 1641 1669 1672 1723 1797 1825 1837 1914 1916 1943 1967 1983 1993 2132
single
134 279 649 909 1370 1965
orders
135 718 884 956
backlog
135
roman
136 1664
earliest
137 1770
possible
137 318 825 900 934 1452 1682 1842
day
137 186 347 754 849
difference
138 159 234 237 403 456 461 818 955 972 1026 1059 1151 1196 1274 1279 1359 1366 1458 1476 1544 1621 1693 1710 1714 1723 1932 2099 2178
ancestor
138 1060 1121 1260 2076
flips
139 537 606 813 1162 1939
alternating
139 408 685 804 1198 1442 1820
employees
140 224 229 905 989 1812 1911
information
140 1124
strength
141
wizards
141
money
142 260 1800
children
142 168 665
distinct
143 232 285 382 600 605 688 838 1065 1177 1704 1710 1790 1880 1938
subsequences
143 222 284 350 761 764 838 872 910 1311 1348 1360 1524 1530 1709 1849 1900
k-mirror
144
bags
145 854
capacity
145 726
rocks
145
side
146 1034 2163
length
146 174 267 376 382 416 423 491 496 637 697 821 858 872 899 1269 1275 1533 1742 1849 1950 1955 2023 2120
less
146 501 1721 2011 2161
than
146 356 501 877 905 1001 1046 1407 1519 1686 1721 1774 1846 2011 2118 2161
threshold
146 156 191 877 1627 1774
height
147 698 1303 1685 1994 2130
stacking
147
cuboids
147
contaminated
148
squares
149 196 589 1041 1053 1768
insertion
150 412 926
sort
150 180 511 645 717 766 896 935 1022 1050 1080 1138 1234 1328 1329 1373 1735 1746 1801 1886 1943 2068 2174
swaps
151 318 360 487 630 685 878 882 890 1901 1913
sequences
151 232 467 792 1726
difficulty
152
job
152 912
schedule
152 406 1449 1733 2127
effort
153
frequency
154 397 502 508 1017 1022 1400 1474 1534 1706 1886
tracker
154 1393
assign
155 1970
cookies
155 1843
divisor
156 469 1405 1794
apply
157 483 544 718 1285
discount
157 718 1551 1885
prices
157 1885
wiggle
158 511
get
160 251 287 641 648 652 846 938 1200 1233 1279 2179
step
160 160
compatibility
162
grumpy
163
bookstore
163
owner
163
nearest
164 1665
point
164 1518 1828 1869 1887
has
164 316 445 731
same
164 338 418 605 702 757 846 879 954 1063 1271 1475 1592 1689 1699 1734
x
164 356 356 428 2147
y
164
coordinate
164 1043 1940
fraction
165 270 1875
addition
165 468 1536
subtraction
165 2112
beautiful
166 468 634 657 860 874 1010 1093 1182 1478
arrangement
166 436 1478
group
167 255 420 633 867 882 1365 1365 1874
root
168 1609 1682 1910 2126
equals
168 1673 1815 1830
items
169 405 1373 1562 1750
delete
170 399 447 510 549 682 705 840 856 1172 1286 1343 1574 1836 2008 2135 2143
columns
170 399 1089 1343 1760 2121
buddy
171
multiples
172
query
173 234 657 1239 1240 1250 1761 1803
-
173 292 707 1574 1618 1761 1803
mutable
173
checking
174
existence
174
edge
174 563 1625
limited
174 400
paths
174 187 315 322 369 594 643 988 1292 1295 1609 1644 1712 1771 1848 1852 2084
simplified
175
fractions
175
even
176 364 694 703 730 733 821 826 851 1050 1335 1406 1499 1590 1651 1928 1969
parallel
177 390
courses
177 390
reordered
178
power
178 575 841 935 2128 2149
2
178 377 927
rings
179
rods
179
students
180 1001 1066 1619 1648 1861 1890 1998
kth
180 280 627 630 859 990 1043 1121 1177 1180 1212 1239 1247 1263 1494 1546 1565 1766 1833
fruits
181 493
harvested
181
steps
181 389 573 762 926 954 969 1029 1145
parts
182 1440 1897
domino
183 283 1991
rotations
183 320
row
183 394 419 615 1063 1576 1659 1693 1807 2008 2171 2175
convert
184 353 537 691 704 742 813 1006 1241 1282 1352 1392 1491 1568 1753 1773 1825 2041
adjacent
185 318 425 630 702 833 878 966 2090 2155
duplicates
185 440 595 932 1012 1013 1574 2090
where
186 346 347 908 1770 2140
still
186
cross
186 1326
out
187 617 1436
boundary
187
obstacle
188 244
removal
188 1458 2130
reach
188 206 299 320 630 673 737 969 1028 1700 1956
corner
188
ones
189 316 560 878 1073 1131 1294 1519 1693 1780 2175
zeroes
189 1208 1973 1988 2005
ways
190 214 268 289 342 387 420 474 562 577 611 674 786 814 839 846 954 969 1229 1272 1316 1441 1471 1493 1614 1877 1914 2027 2140 2181
neighbors
191 338 1985
call
192 1632
function
192 396 497 631 939 1632 1971 1973 2159
custom
192 2068
context
192
department
193 985 1527 1907
salaries
193
deletion
194
deletions
195 634 870 1169 1949
character
195 837 992 1223 1340 1474 1593 1613 1872
frequencies
195
unique
195 218 462 594 679 761 781 1020 1068 1130 1133 1153 1227 1307 1340 1376 1599 1709 1771 1848 1893 1942 1986 2120 2160
stone
197 676 980 993 1078 1160 1268 1388 1639 1808 2123
percentage
198 1071 1571
attended
198 388 684
contest
198
network
199 239 422 720 1940 2057
connected
199 1155
triangulation
200
intersection
201 923 1218 1487 2033
arrays
201 252 477 639 647 709 721 1009 1018 1103 1309 1341 1359 1487 1610 1633 1833 1932 1936 2033 2138
inverse
202
prefix
203 310 446 561 745 759 977 1515 1725 1917 1984 2138 2151
scores
203 1544 1811 2117
star
204 947
p
205
jumps
206 729
home
206
24
207
maximal
209 1224 1235 2057
vertically
211
removing
212 305 829 945 1037 1425 1650 2023
stars
212
maximize
213 217 644 736 759 764 795 844 1036 1087 1106 1345 1660 1784 1849
topmost
213
element
213 243 259 263 279 397 478 544 666 730 828 990 995 1034 1143 1161 1170 1212 1339 1537 1546 1565 1583 1723 1837 1841 1889 2075 2118
earn
214 510
points
214 223 293 395 424 1019 1231 1312 1334 1342 1355 1564 1652 1652 1731 1738 2020
module
216
subsets
219 281 458 484 722 874 1430 1513
investments
220
2016
220
detect
221 528 1269 1768
cycles
221
2d
221 1006 1633 1803 1825 1867 1923 1954
grid
221 287 304 331 341 343 360 369 583 589 801 888 1036 1057 1312 1589 1608 1920 1954 2009 2027 2028 2031 2121 2124 2154 2166
dot
222
obtain
223 1850 2092
cards
223 428 435 1351
needed
224 941 1367
inform
224
promise
225 931
pool
225
outermost
226
strong
227 1775
password
227 1775
checker
227 1685 1775
chunks
228 1460
which
229 1207
report
229 2039
each
229 244 333 419 421 544 611 657 950 961 973 1004 1240 1250 1601 1872 1887 1907 1986 2008 2153
employee
229 574 675 961 1422 1893 1907
super
230 530 763 1178 1439
palindromes
230
destroy
231
sequential
231 2016
targets
231
roll
232 626
degree
233 1155
genetic
234 333 1818
nodes
235 253 391 439 447 448 453 518 672 737 821 917 978 981 1147 1197 1211 1361 1379 1404 1469 1499 1557 1564 1606 1609 1666 1682 1689 1729 1903 2017
prime
236 451 817 855 1179 1853 1875 1880 2112
absolute
237 403 438 461 1059 1302 1366 1403 1597 2011
online
238 1161 1256
span
238
critical
239 1555 1564
connections
239
sets
241 1630
non-overlapping
241 922 930 1004 1154 1283 1518 1815 1919 2078
line
241 246 372 1731 1888
segments
241 844 1258 1519 2054
course
244 406 1449 1733 2127
higher
245 2167
lower
245 398 1688 2167
lines
246 449 765
represent
246
chart
246
dota2
249
senate
249
form
250 252 268 314 669 789 979 1103 1432
watched
251
videos
251
your
251 334 334
friends
251 445 1230 1598
triplets
252 542 559 863 1432 2122
validate
253 373 792 1777
exclusive
254
functions
254
anagrams
255 945 1127 1495
duplicate
256 429 549 662 739 856 1136 1451 1535 1566 1638 2156
subtrees
256 1330
marked
257
indices
257 597 1050 1797 2055
underground
258
majority
259 1161 1339
required
260 2084
another
261 621 741 979 1299
decreasing
263 290
rearranging
263 493
lfu
265
cache
265 539 951
prototype
266
fixed
267 1649
dictionary
268 551 1118 1993 2087 2096
recurring
270
decimal
270
solve
271
equation
271 407 868
complementary
273
moving
274 1072
stones
274 570 787 829 1063 1072 1604
until
274 1072
regular
275
expression
275 471 1047 1403 1431 1648 1683 2101
my
276 525 651
calendar
276 525 651
i
276 465 478 602 625 716 1076 1108 1140 1411 1577 1701 1812 1847 1933
deepest
277 1060 2017
4sum
278 1668
equivalent
283 371 1018 1120 1719
non-decreasing
284 1145 1705
common
286 319 366 469 745 885 1011 1060 1260 1377 1405 1759 2047 2076 2080 2138
factors
286 451 894 1880
biggest
287 1965
rhombus
287
sums
287 929 101
